<?xml version="1.0"?>
<opencv_storage>
<mtxL type_id="opencv-matrix">
  <rows>3</rows>
  <cols>3</cols>
  <dt>d</dt>
  <data>
    4.7489178357659866e+03 0. 2.0805207774755550e+03 0.
    4.7493494022642180e+03 1.4979132265583833e+03 0. 0. 1.</data></mtxL>
<distL type_id="opencv-matrix">
  <rows>1</rows>
  <cols>5</cols>
  <dt>d</dt>
  <data>
    -1.6012977287299238e-01 2.1936968098352924e-01
    4.7217754377585421e-04 6.3016037382210483e-04
    -2.0319633599257864e-01</data></distL>
<rectL type_id="opencv-matrix">
  <rows>3</rows>
  <cols>3</cols>
  <dt>d</dt>
  <data>
    9.9978785220833755e-01 1.6434913855154835e-02 1.2415481594075350e-02
    -1.6449441876709239e-02 9.9986412738749386e-01
    1.0689366632649316e-03 -1.2396226788178257e-02
    -1.2729376335654870e-03 9.9992235358111536e-01</data></rectL>
<proj_matL type_id="opencv-matrix">
  <rows>3</rows>
  <cols>4</cols>
  <dt>d</dt>
  <data>
    4.8483260212454152e+03 0. 2.0000626831054688e+03 0. 0.
    4.8483260212454152e+03 1.5019495849609375e+03 0. 0. 0. 1. 0.</data></proj_matL>
<wL>4112</wL>
<hL>3008</hL>
<mtxR type_id="opencv-matrix">
  <rows>3</rows>
  <cols>3</cols>
  <dt>d</dt>
  <data>
    4.7362529618384497e+03 0. 2.0578787976341127e+03 0.
    4.7350111516521392e+03 1.5055798940123136e+03 0. 0. 1.</data></mtxR>
<distR type_id="opencv-matrix">
  <rows>1</rows>
  <cols>5</cols>
  <dt>d</dt>
  <data>
    -1.5055485149845829e-01 1.6549948925710550e-01
    5.5287006825775037e-04 3.3082868650127897e-04
    -1.7231588911636900e-01</data></distR>
<rectR type_id="opencv-matrix">
  <rows>3</rows>
  <cols>3</cols>
  <dt>d</dt>
  <data>
    9.9990150640536879e-01 -5.6642937991143632e-03
    1.2841077214606107e-02 5.6793271775122146e-03 9.9998322886535373e-01
    -1.1345619560996826e-03 -1.2834435362918482e-02
    1.2073788878277413e-03 9.9991690630028673e-01</data></rectR>
<proj_matR type_id="opencv-matrix">
  <rows>3</rows>
  <cols>4</cols>
  <dt>d</dt>
  <data>
    4.8483260212454152e+03 0. 2.0000626831054688e+03
    -3.9958363963236444e+05 0. 4.8483260212454152e+03
    1.5019495849609375e+03 0. 0. 0. 1. 0.</data></proj_matR>
<wR>4112</wR>
<hR>3008</hR>
<baselineLR>8.2416825494280886e+01</baselineLR>
</opencv_storage>
